68890944.0
127195656.0
208360352.0
300574944.0
377110272.0
433128832.0
431191264.0
339706624.0
399647712.0
470164416.0
553124416.0
650722560.0
765539712.0
900620352.0
1059531968.0
1246483584.0
1466423808.0
1725171072.0
2029576192.0
2387691008.0
2333798144.0
2124509696.0
1772397440.0
1292218368.0
713939712.0
366238624.0
27673.169921875
51093.90234375
83697.3828125
120739.546875
151483.4375
173985.828125
173207.515625
136458.5625
160536.609375
188862.859375
222187.484375
261392.203125
307513.71875
361774.96875
425609.03125
500706.625
589055.625
692993.125
815271.25
959124.375
937475.75
853405.625
711963.75
519078.0625
286786.21875
147116.34375
217852288.0
402228000.0
658893312.0
950501440.0
1192527360.0
1369673600.0
1363546496.0
1074246656.0
1263796992.0
1486790400.0
1749133056.0
2057765376.0
2420849152.0
2848011776.0
3350534400.0
3941727232.0
4637239296.0
5455470080.0
6418083328.0
7550541824.0
7380118016.0
6718289408.0
5604812800.0
4086353408.0
2257675520.0
1158148224.0
217852288.0
402228000.0
658893312.0
950501440.0
1192527360.0
1369673600.0
1363546496.0
1074246656.0
1263796992.0
1486790400.0
1749133056.0
2057765376.0
2420849152.0
2848011776.0
3350534400.0
3941727232.0
4637239296.0
5455470080.0
6418083328.0
7550541824.0
7380118016.0
6718289408.0
5604812800.0
4086353408.0
2257675520.0
1158148224.0
1.0
2501000000.0
2501000000.0
1.0
1.0
1.0
1.0
1.0
